#! /bin/tcsh

# This script downloads and processes all (currently 605) MoMaF films

# set the following to 1 to really download instead of just telling
set really=0

foreach i ( 118015 118048 118416 122292 122331 122343 122378 117822 1604224 813024 115770 123165 1606338 115810 115715 123239 123244 115774 123331 123472 123328 123469 123411 123395 123272 123478 123480 124406 123564 123892 123573 124552 107883 124683 125188 125226 125229 125921 100447 125280 125277 125255 125919 125279 117274 115761 117285 115777 115808 117301 117299 117307 117316 117410 1605034 117457 113174 117554 113939 117624 113584 117682 117730 109644 100694 117781 100176 117816 117824 117840 117866 119030 120635 120969 120976 121232 121323 121597 121582 121438 121429 121612 121630 122291 121786 203690 122347 122301 122351 122356 122599 117746 117752 117779 117764 117783 117789 117793 117815 117806 117808 117828 117851 117852 113187 119719 116735 119878 120031 120407 105810 115896 100549 118934 117910 117907 121317 995471 117387 117422 117575 116736 107756 120979 106869 126330 126339 133701 876278 174350 837131 917955 975268 1038469 1216022 1077609 1241556 1261499 1289814 1358645 1316700 1432214 1452704 1429282 1452644 1490155 1508304 1505444 1508196 1500446 1508198 1522521 1526477 1518453 1546920 1547088 1527827 1527829 1602004 1606786 1611911 1611891 1611874 1611868 1569649 1564436 1533504 1563105 1571192 1582504 1582654 1582975 1586140 1596307 1593921 1595310 1595332 117898 142527 113677 133707 125190 139307 147716 146140 160147 158785 714580 885289 113186 116699 138209 147864 148117 165103 863736 989924 1043868 1266297 1294951 1488913 1511500 1570376 117247 1415392 1470043 117662 117699 117751 117728 117971 117931 107833 118021 118045 118054 113944 118738 126288 118667 118550 113164 118674 118768 119012 105497 119282 119513 119547 112890 119702 119319 100020 119910 119996 119917 119221 119705 119987 119993 120052 120247 105505 120375 120050 120368 107860 120242 120372 120630 120605 120406 120400 120405 120611 120632 120616 120603 120961 118067 120955 121141 120601 120953 120799 120963 120974 121324 121147 121321 121235 121428 121233 121315 121143 121437 121599 121596 121431 121580 121432 121720 121619 1073876 121626 121791 121792 121722 122297 121794 110982 107862 122304 122341 115719 122290 118076 122346 122339 122349 115792 100001 122503 112918 115755 122354 113168 122511 119214 122358 122543 122604 107865 115741 122544 115762 113501 115781 122605 115744 123147 115757 112912 122609 119006 123155 122611 123154 123188 123181 123173 123183 123182 123240 113948 115752 123266 123186 123171 123279 123474 123394 118077 123397 107870 123413 123403 123468 123414 100455 112911 118080 123563 123476 124405 123482 123481 107875 124416 112883 123566 123479 123901 119218 125256 124686 124687 125207 125205 125254 125261 124554 124685 125193 113528 124555 125452 117269 125278 117289 117283 117294 117275 105521 117272 117290 117296 117260 117281 117292 117279 117320 117438 117305 117433 117311 117319 117309 117322 117331 117325 117298 117379 117427 117376 117392 117431 117383 117384 117451 117476 117490 107893 117501 117500 117450 117445 117494 117452 117462 117562 117564 117563 117543 117504 117551 117522 117518 117517 117523 117502 117578 117580 117607 117584 117581 117572 117574 112915 117571 117615 117623 117616 115799 117251 117257 117252 117263 117264 107932 117268 117317 156792 117314 117362 117330 117374 117393 117395 105525 117419 117424 117448 117434 157207 117472 117474 100011 117495 117512 117515 172939 117648 117519 117635 117678 117687 117900 118019 117938 117903 118023 118046 126286 118051 126289 118559 118320 118421 118669 107842 119495 118765 119695 119541 119544 119915 119992 119985 119898 120045 119704 120049 120248 120055 120374 120245 120629 120642 120547 120399 120604 120404 120606 107829 121138 120972 120954 120798 120967 121144 121316 121325 121234 121440 116776 121595 121587 121719 121721 121629 122295 122300 121787 122340 122342 122330 122344 122510 122359 122504 122505 122542 115712 122607 123146 123153 122603 123172 123184 123157 123238 123189 123393 123404 123438 123575 123571 123475 123569 124408 125228 124678 125399 136123 124270 125264 125262 117266 117295 115747 117302 117396 117510 117559 117611 117644 127503 117681 117692 117799 118808 100890 119144 119454 119912 691245 118682 121622 121614 121789 123166 123276 125281 117827 1513630 1513759 1522524 1602008 1611904 1582652 1583046 1571168 1594056 1572929 )

  if (-e $i.xml) then
     echo EXISTS $i
  else
    echo SHOULD DOWNLOAD $i
    if ( $really ) ./rip-xml.py $i
  endif
end

